6.450000000000001421e+01
9.450000000000002842e+01
1.245000000000000142e+02
1.545000000000000284e+02
1.845000000000000000e+02
2.145000000000000568e+02
2.445000000000000568e+02
2.745000000000000000e+02
3.045000000000001137e+02
3.345000000000001137e+02
3.645000000000001137e+02
3.945000000000000000e+02
4.245000000000000568e+02
4.545000000000000568e+02
4.845000000000000000e+02
5.145000000000000000e+02
5.445000000000001137e+02
5.745000000000001137e+02
6.045000000000002274e+02
6.345000000000001137e+02
6.645000000000001137e+02
6.945000000000001137e+02
7.245000000000001137e+02
7.545000000000001137e+02
7.845000000000001137e+02
8.145000000000001137e+02
8.445000000000001137e+02
8.745000000000002274e+02
9.045000000000002274e+02
9.345000000000002274e+02
9.645000000000001137e+02
9.945000000000003411e+02
