7.556910569105691408e-03
1.607314148681055280e-02
2.564863102998696243e-02
3.547868999551368613e-02
4.536061155152888019e-02
5.530241519509678655e-02
6.523889143380669220e-02
7.520266025326396986e-02
8.518039559657283877e-02
9.517909696445822632e-02
1.051590510106836518e-01
1.151456546090852684e-01
1.251280334875834732e-01
1.351154698592775261e-01
1.451070576201840823e-01
1.551060188058946687e-01
1.650960186284357867e-01
1.750961902188597485e-01
1.850880965395790279e-01
1.950860292303449872e-01
2.050817640055516144e-01
2.150775062379866875e-01
2.250766942166806950e-01
2.350680197975223151e-01
2.450600248721845897e-01
2.550556748559554276e-01
2.650580599749907673e-01
2.750586379819249805e-01
2.850587465972170276e-01
2.950591604869353124e-01
3.050585599234748035e-01
3.150536366251820986e-01
3.250472679428216827e-01
3.350474697396702006e-01
3.450505189372054526e-01
3.550512133869206943e-01
3.650450196540717118e-01
3.750415493072987716e-01
3.850421787053972533e-01
3.950417687696786695e-01
