2.500000000000000000e+00
7.500000000000000000e+00
1.250000000000000000e+01
1.750000000000000000e+01
2.250000000000000000e+01
2.750000000000000000e+01
3.250000000000000000e+01
3.750000000000000000e+01
4.250000000000000000e+01
4.750000000000000000e+01
5.250000000000000000e+01
5.750000000000000000e+01
6.250000000000000000e+01
6.750000000000000000e+01
7.250000000000000000e+01
7.750000000000000000e+01
8.250000000000000000e+01
8.750000000000000000e+01
9.250000000000000000e+01
9.750000000000000000e+01
1.025000000000000000e+02
1.075000000000000000e+02
1.125000000000000000e+02
1.175000000000000000e+02
1.225000000000000000e+02
1.275000000000000000e+02
1.325000000000000000e+02
1.375000000000000000e+02
1.425000000000000000e+02
1.475000000000000000e+02
1.525000000000000000e+02
1.575000000000000000e+02
1.625000000000000000e+02
1.675000000000000000e+02
1.725000000000000000e+02
1.775000000000000000e+02
